Country	APR	Corruption	Homicide	Theft	Alcohol	Income	Unemployment	Tourism	Investment	Education	Traffic	Distance	Prostitution	HighIncome	LowIncome	LowerMiddleIncome	UpperMiddleIncome	Africa	Americas	Asia	Europe	MiddleEast
"Afghanistan"	122.46224367156672	1.5045581261316936	4.683333333333334	2.083333333333333	38.3	90.0	7.5	500.0	3.75	3.335833333333334	19.8	11931.99	0.0	0.0	1.0	0.0	0.0	0.0	0.0	1.0	0.0	0.0
"Albania"	403.72590502557495	0.6769467120369276	5.058333333333333	0.2916666666666667	27.5	726.8012160079055	13.499999920527143	1726583.3333333333	0.9166666666666666	9.78416666666667	12.7	9146.36	0.0	0.0	0.0	0.0	1.0	0.0	0.0	0.0	1.0	0.0
"Argentina"	237.4875785748761	0.45456651349862415	6.008333333333333	0.9416666666666665	33.1	1838.0824652021556	10.150000095367425	4409833.333333333	12311.666666666666	9.260833333333336	12.6	9017.25	1.0	0.0	0.0	0.0	1.0	0.0	1.0	0.0	0.0	0.0
"Armenia"	171.74389241232726	0.5938233062624931	2.3583333333333334	0.2833333333333334	17.9	859.1850066949427	23.399999777475998	515750.0	1.6666666666666667	10.561666666666667	18.1	10546.2	1.0	0.0	0.0	1.0	0.0	0.0	0.0	1.0	0.0	0.0
"Australia"	82.21454189436581	-1.9861069023609161	1.2999999999999996	0.0	31.3	5680.224417358372	5.241666634877522	5580833.333333333	89044.66666666667	11.355833333333331	6.1	15183.75	1.0	1.0	0.0	0.0	0.0	0.0	0.0	1.0	0.0	0.0
"Austria"	27.323912087182205	-1.8336962362130482	0.6833333333333332	0.0	29.6	3965.2460316382408	4.483333369096119	2.1317E7	11873.166666666666	9.31333333333333	6.6	8343.54	1.0	1.0	0.0	0.0	0.0	0.0	0.0	0.0	1.0	0.0
"Bahamas"	645.0808150927052	-1.374364842971166	22.408333333333335	0.5999999999999999	27.4	2093.4696352162714	11.224999984105418	1478916.6666666667	20216.083333333332	10.900000000000004	13.7	2193.17	0.0	1.0	0.0	0.0	0.0	0.0	1.0	0.0	0.0	0.0
"Bangladesh"	204.59587144781847	1.1459625114997227	2.6833333333333336	0.19999999999999998	17.6	182.9269423256269	4.350000063578286	280500.0	294.5833333333333	5.273333333333333	11.6	13226.7	1.0	0.0	1.0	0.0	0.0	0.0	0.0	1.0	0.0	0.0
"Barbados"	118.71062715004771	-1.406059443950653	9.5	0.0	22.3	1434.6813661418394	10.016666769981383	541166.6666666666	6020.583333333333	9.244166666666668	7.3	4461.86	0.0	1.0	0.0	0.0	0.0	0.0	1.0	0.0	0.0	0.0
"Belarus"	75.13971020639056	0.6968786319096884	6.783333333333331	0.38333333333333336	48.0	2940.4142603346213	6.15833334128062	95416.66666666667	9.166666666666666	9.958333333333332	14.4	8565.42	0.0	0.0	0.0	0.0	1.0	0.0	0.0	0.0	1.0	0.0
"Belgium"	62.34889463167007	-1.4215376873811085	2.0416666666666665	0.0	27.7	5422.711735678441	7.866666555404663	7070500.0	47263.833333333336	10.548333333333334	8.1	7553.53	1.0	1.0	0.0	0.0	0.0	0.0	0.0	0.0	1.0	0.0
"Belize"	538.3383847160168	0.19715793849900365	35.391666666666666	0.09999999999999999	62.1	618.9004406029744	10.899999936421716	244750.0	47.333333333333336	10.766666666666666	16.4	2323.02	1.0	0.0	0.0	0.0	1.0	0.0	1.0	0.0	0.0	0.0
"Bolivia"	366.7661285762592	0.618493432799975	9.116666666666667	0.8416666666666668	24.4	603.9408620977409	4.050000051657359	689416.6666666666	410.9166666666667	8.360000000000001	19.2	6822.81	1.0	0.0	0.0	1.0	0.0	0.0	1.0	0.0	0.0	0.0
"Bosnia and Herzegovina"	96.63622148161299	0.30953362459937733	1.4750000000000003	0.37499999999999994	26.2	1534.3026327127625	27.05833339691162	300750.0	4.083333333333333	8.566666666666666	15.6	8788.21	0.0	0.0	0.0	0.0	1.0	0.0	0.0	0.0	1.0	0.0
"Brazil"	1992.7481085246545	0.0361553507342857	23.65833333333333	2.5	33.1	1245.816695082751	7.958333333333333	5013083.333333333	49787.416666666664	7.297499999999999	22.5	7316.57	1.0	0.0	0.0	0.0	1.0	0.0	1.0	0.0	0.0	0.0
"Bulgaria"	163.41341184781035	0.16303501930087805	2.408333333333333	0.44999999999999996	36.8	2586.5392693390077	10.733333349227903	5370500.0	301.1666666666667	10.420833333333333	10.4	9332.2	0.0	0.0	0.0	0.0	1.0	0.0	0.0	0.0	1.0	0.0
"Cambodia"	137.07764687521845	1.1085710873206456	6.5	0.45	31.0	312.00098079263995	0.8749999900658922	2102250.0	16.75	4.156666666666666	17.2	14083.51	0.0	0.0	1.0	0.0	0.0	0.0	0.0	1.0	0.0	0.0
"Cameroon"	270.86198549466803	1.0453576296567917	7.599999999999999	1.5583333333333333	42.0	346.31042182954974	4.341666658719378	540083.3333333334	123.58333333333333	5.819166666666665	20.1	11082.39	0.0	0.0	0.0	1.0	0.0	1.0	0.0	0.0	0.0	0.0
"Canada"	196.52801406164613	-1.9811611274878185	1.6333333333333335	0.0	28.9	7841.813008962729	7.133333285649617	1.7486416666666668E7	260407.33333333334	11.856666666666664	6.8	2261.43	1.0	1.0	0.0	0.0	0.0	0.0	1.0	0.0	0.0	0.0
"Cape Verde"	258.68330703045507	-0.6235144883394241	8.466666666666667	1.7000000000000002	38.6	206.4466593238976	7.099999904632569	291166.6666666667	0.0	3.5	22.4	7336.56	0.0	0.0	0.0	1.0	0.0	1.0	0.0	0.0	0.0	0.0
"Chile"	216.04840823389242	-1.4317155579725902	3.4000000000000004	0.6916666666666668	31.1	1770.7591965296112	7.84166665871938	2544250.0	21293.916666666668	9.556666666666667	12.3	8466.44	1.0	1.0	0.0	0.0	0.0	0.0	1.0	0.0	0.0	0.0
"China"	158.28896965033704	0.5356461803118387	1.3499999999999999	0.0	32.7	1623.051605281568	4.275000035762786	4.9644916666666664E7	37485.416666666664	7.273333333333334	20.5	11646.7	0.0	0.0	0.0	0.0	1.0	0.0	0.0	1.0	0.0	0.0
"Colombia"	358.0759966903139	0.25190887103478116	39.4	0.5166666666666666	27.8	642.0243420112439	12.183333476384476	1652166.6666666667	5084.666666666667	7.650000000000001	15.6	4222.11	1.0	0.0	0.0	0.0	1.0	0.0	1.0	0.0	0.0	0.0
"Costa Rica"	732.6087306900587	-0.5205878044168154	8.766666666666667	0.39999999999999997	22.7	935.0091780552658	6.6333333651224775	1860833.3333333333	1850.25	7.964999999999999	12.7	3268.87	1.0	0.0	0.0	0.0	1.0	0.0	1.0	0.0	0.0	0.0
"Croatia"	49.175919473038434	-0.06797411758452654	1.4166666666666667	0.2333333333333333	33.3	1993.5129770129197	12.683333476384488	8677666.666666666	64.58333333333333	10.6025	10.4	8553.46	0.0	1.0	0.0	0.0	0.0	0.0	0.0	0.0	1.0	0.0
"Cuba"	401.43011310125365	-0.30562657428284484	4.200000000000001	0.0	18.5	989.3996318923317	2.375	2310250.0	-4.916666666666667	9.576666666666666	7.8	2444.81	0.0	0.0	0.0	0.0	1.0	0.0	1.0	0.0	0.0	0.0
"Denmark"	35.62912594524473	-2.4500133792559304	0.8583333333333335	0.0	35.2	3427.188371722665	5.583333353201547	7463333.333333333	9940.75	11.084166666666667	4.7	7487.55	1.0	1.0	0.0	0.0	0.0	0.0	0.0	0.0	1.0	0.0
"Dominican Republic"	511.77226490740105	0.6648160517215729	22.674999999999997	0.7000000000000001	27.1	745.352907661381	15.591666539510092	3913750.0	1086.5	7.444999999999998	41.7	3216.18	1.0	0.0	0.0	0.0	1.0	0.0	1.0	0.0	0.0	0.0
"Ecuador"	669.3745497285278	0.7903057783842087	15.733333333333334	0.9583333333333334	32.6	797.8356336305729	6.024999936421712	978083.3333333334	942.3333333333334	7.379166666666664	27.0	4690.5	1.0	0.0	0.0	0.0	1.0	0.0	1.0	0.0	0.0	0.0
"Egypt"	277.1947783090468	0.5560214817523956	1.6166666666666665	3.0	11.8	896.9980253691871	10.541666507720931	9816333.333333334	9238.25	6.665833333333334	13.2	10975.88	0.0	0.0	0.0	1.0	0.0	0.0	0.0	0.0	0.0	1.0
"El Salvador"	2583.4946240523645	0.3403659462928772	53.491666666666674	2.141666666666667	15.8	717.7008896230186	6.600000023841858	1133750.0	1811.6666666666667	7.295833333333333	21.9	2677.11	1.0	0.0	0.0	1.0	0.0	0.0	1.0	0.0	0.0	0.0
"Eritrea"	367.9650461671241	0.3628510081519683	7.099999999999999	0.0	5.2	143.21646635611245	7.383333325386047	88666.66666666667	-3.8333333333333335	3.399999999999999	48.4	12567.29	0.0	0.0	1.0	0.0	0.0	1.0	0.0	0.0	0.0	0.0
"Ethiopia"	132.1198931426396	0.6658344914515814	12.0	0.9500000000000002	57.1	381.308945059995	5.683333396911621	375083.3333333333	13.166666666666666	1.8583333333333334	17.6	13142.94	1.0	0.0	1.0	0.0	0.0	1.0	0.0	0.0	0.0	0.0
"Fiji"	173.55924295901525	0.402597569860518	4.0	0.7999999999999999	15.8	676.4984663285949	7.483333309491475	559083.3333333334	17.583333333333332	9.668333333333337	6.3	10859.59	0.0	0.0	0.0	0.0	1.0	0.0	0.0	1.0	0.0	0.0
"France"	75.61263367251958	-1.3874472578366597	1.3416666666666668	0.0	27.9	4078.3415331021247	8.958333293596906	7.857658333333333E7	70786.5	10.214166666666669	6.4	7665.22	1.0	1.0	0.0	0.0	0.0	0.0	0.0	0.0	1.0	0.0
"Germany"	26.95205868401143	-1.8020642896493275	0.9083333333333335	0.5	31.7	3995.4324232352647	8.091666817665104	2.4433916666666668E7	98285.83333333333	11.492500000000001	4.7	7861.09	1.0	1.0	0.0	0.0	0.0	0.0	0.0	0.0	1.0	0.0
"Ghana"	247.63737359252193	0.09617977294450004	6.1000000000000005	0.9916666666666666	43.9	410.4724270913607	5.099999904632568	758666.6666666666	1393.4166666666667	6.889166666666667	22.2	9887.4	0.0	0.0	0.0	1.0	0.0	1.0	0.0	0.0	0.0	0.0
"Greece"	27.9510138386395	-0.1431431429615865	1.3083333333333331	0.0	33.1	2576.27612968553	13.033333381017057	1.50705E7	1597.5833333333333	9.780833333333332	12.2	9408.42	1.0	1.0	0.0	0.0	0.0	0.0	0.0	0.0	1.0	0.0
"Grenada"	125.51944824424822	-0.4991227239370346	10.275	1.5	56.0	751.5239222210183	8.308333333333332	121500.0	5.166666666666667	8.508333333333331	11.45	4373.32	0.0	0.0	0.0	0.0	1.0	0.0	1.0	0.0	0.0	0.0
"Guatemala"	4097.042132513208	0.5833221301436424	40.483333333333334	1.4083333333333334	19.5	642.7889194251017	2.9333332975705457	1551083.3333333333	757.9166666666666	4.2025	6.7	2429.9	1.0	0.0	0.0	1.0	0.0	0.0	1.0	0.0	0.0	0.0
"Guyana"	123.82400872675471	0.5628449395298958	18.39166666666667	1.0	29.9	642.266922812136	11.599999984105432	137083.33333333334	105.0	8.508333333333331	27.8	5176.26	0.0	0.0	0.0	1.0	0.0	0.0	1.0	0.0	0.0	0.0
"Haiti"	253.045070177167	1.3604635695616405	6.516666666666667	0.0	25.1	299.931308556338	7.358333349227905	230250.0	56.583333333333336	4.79	7.5	3040.92	0.0	0.0	1.0	0.0	0.0	0.0	1.0	0.0	0.0	0.0
"Honduras"	7582.335410451209	0.8379306445519129	66.44999999999999	2.1999999999999997	18.2	594.1417261718871	4.124999980131785	772583.3333333334	726.5833333333334	5.988333333333333	18.8	2607.41	1.0	0.0	0.0	1.0	0.0	0.0	1.0	0.0	0.0	0.0
"Hungary"	101.99579805619653	-0.4521440217892329	1.6083333333333334	0.075	36.4	2548.6377440350384	8.408333261807757	9841731.481481481	4164.416666666667	11.608333333333329	9.1	8651.64	1.0	0.0	0.0	0.0	1.0	0.0	0.0	0.0	1.0	0.0
"India"	83.03016294119023	0.4596134200692177	3.6500000000000004	0.09999999999999999	62.7	538.5120062702617	3.891666710376739	4831333.333333333	15865.416666666666	5.683333333333334	18.9	13576.02	1.0	0.0	0.0	1.0	0.0	0.0	0.0	1.0	0.0	0.0
"Indonesia"	666.4159503232272	0.7765619605779648	0.6166666666666666	0.39999999999999997	15.9	812.0856740713006	8.458333333333334	6157750.0	8989.0	6.495	17.7	14961.09	1.0	0.0	0.0	1.0	0.0	0.0	0.0	1.0	0.0	0.0
"Iran"	71.11755927211044	0.6081105122963587	4.1000000000000005	0.0	52.1	2578.7996626906024	12.100000143051142	2518583.3333333335	-0.16666666666666666	8.145833333333334	34.1	11241.04	0.0	0.0	0.0	0.0	1.0	0.0	0.0	0.0	0.0	1.0
"Iraq"	155.31984497514438	1.3859316805998485	8.0	0.7999999999999999	20.1	1079.5018616121235	18.466666698455807	304041.6666666667	298.0	6.490833333333334	31.5	11135.32	0.0	0.0	0.0	0.0	1.0	0.0	0.0	0.0	0.0	1.0
"Ireland"	50.42797664163159	-1.58130877216657	1.2166666666666666	0.29999999999999993	31.7	3282.621355387983	8.400000015894566	7404833.333333333	126336.0	11.483333333333333	4.7	6632.8	1.0	1.0	0.0	0.0	0.0	0.0	0.0	0.0	1.0	0.0
"Israel"	212.6609934231234	-0.87999460597833	2.3083333333333336	0.09999999999999999	10.8	2937.2401765664686	7.924999952316287	2131666.6666666665	8541.166666666666	11.720833333333331	4.7	10859.52	1.0	1.0	0.0	0.0	0.0	0.0	0.0	0.0	0.0	1.0
"Italy"	34.407353926654224	-0.24972482095472515	1.0250000000000001	0.0	20.7	2943.739283310561	8.399999856948845	4.2198166666666664E7	26272.083333333332	9.217499999999998	7.2	8618.64	1.0	1.0	0.0	0.0	0.0	0.0	0.0	0.0	1.0	0.0
"Jamaica"	318.5204109952005	0.4441795473297437	49.65	0.39999999999999997	23.1	1345.2324806808695	11.924999872843424	1697333.3333333333	1364.25	9.6	11.6	2772.26	0.0	0.0	0.0	0.0	1.0	0.0	1.0	0.0	0.0	0.0
"Japan"	17.79778008403976	-1.3403890281915665	0.4583333333333333	0.0	22.4	3862.3259126648286	4.541666666666667	7318666.666666667	94482.25	11.309999999999997	5.2	10149.95	1.0	1.0	0.0	0.0	0.0	0.0	0.0	1.0	0.0	0.0
"Jordan"	657.4292752016688	-0.20219340610007444	1.683333333333333	0.19166666666666665	32.4	1159.779860441094	13.48333326975505	3453666.6666666665	99.75	9.065833333333336	22.9	10980.52	0.0	0.0	0.0	0.0	1.0	0.0	0.0	0.0	0.0	1.0
"Kazakhstan"	273.2932475092568	0.9561236997445425	10.75	0.5750000000000001	53.8	4014.296234123742	7.050000071525573	3547833.3333333335	7040.75	11.245	21.9	10395.49	1.0	0.0	0.0	0.0	1.0	0.0	0.0	1.0	0.0	0.0
"Kenya"	377.94859811794555	0.9604570468266805	4.6	3.141666666666666	41.2	461.4893999368424	9.433333317438763	1327166.6666666667	221.58333333333334	6.073333333333333	20.9	13721.25	0.0	0.0	1.0	0.0	0.0	1.0	0.0	0.0	0.0	0.0
"Kuwait"	161.9712674444884	-0.5002256048222383	0.39999999999999997	0.0	2.9	10483.032898890679	2.0166666507720943	210500.0	275.3333333333333	6.165000000000002	16.5	11693.76	0.0	1.0	0.0	0.0	0.0	0.0	0.0	0.0	0.0	1.0
"Laos"	229.44907933289002	1.181163822611173	5.8999999999999995	0.375	33.1	110.0	1.5749999781449615	1174833.3333333333	-1.25	4.660833333333333	20.4	13400.67	0.0	0.0	0.0	1.0	0.0	0.0	0.0	1.0	0.0	0.0
"Latvia"	111.79530397429372	-0.17042901491125426	5.625	0.35833333333333334	39.5	2033.08236022697	11.733333468437193	1323916.6666666667	27.333333333333332	10.160000000000002	10.8	8165.35	1.0	1.0	0.0	0.0	0.0	0.0	0.0	0.0	1.0	0.0
"Lebanon"	209.179597479278	0.7582280486822128	2.9083333333333337	0.05000000000000001	51.5	1360.6299304463253	7.391666531562805	1326083.3333333333	167.08333333333334	7.900000000000001	22.3	10668.46	1.0	0.0	0.0	0.0	1.0	0.0	0.0	0.0	0.0	1.0
"Liberia"	283.6162759021489	0.7639536410570145	3.583333333333334	2.8000000000000003	33.9	64.0	4.324999968210859	500.0	530.9166666666666	3.8766666666666683	19.0	9247.79	0.0	0.0	1.0	0.0	0.0	1.0	0.0	0.0	0.0	0.0
"Lithuania"	218.7148391432713	-0.19252044272919497	8.641666666666667	0.6666666666666666	51.0	2662.7345813392144	11.083333293596903	1712000.0	26.083333333333332	10.335833333333333	11.1	8265.17	0.0	1.0	0.0	0.0	0.0	0.0	0.0	0.0	1.0	0.0
"Macedonia"	203.9714871883572	0.29413579031825066	2.041666666666666	0.5416666666666666	24.9	1417.9365073162292	33.61666679382325	242000.0	3.8333333333333335	7.324999999999998	7.9	9217.0	0.0	0.0	0.0	0.0	1.0	0.0	0.0	0.0	1.0	0.0
"Malaysia"	122.10249771939972	-0.22579255420714617	2.3899999999999997	0.5	22.8	2497.5416346291913	3.358333329359691	1.9991416666666668E7	11254.916666666666	9.798333333333334	25.0	15069.77	0.0	0.0	0.0	0.0	1.0	0.0	0.0	1.0	0.0	0.0
"Mexico"	7307.119089126886	0.3021020193894704	14.183333333333332	1.0083333333333335	27.5	1524.7378537799705	4.058333357175193	2.1883333333333332E7	81229.66666666667	8.365833333333333	14.7	1632.45	1.0	0.0	0.0	0.0	1.0	0.0	1.0	0.0	0.0	0.0
"Moldova"	183.19426483573656	0.704833780725797	7.399999999999999	0.26666666666666666	55.1	925.8534164487988	6.483333388964335	13916.666666666666	1.8333333333333333	9.756666666666668	13.9	9157.97	0.0	0.0	0.0	1.0	0.0	0.0	0.0	0.0	1.0	0.0
"Morocco"	516.5042470642443	0.2955311679591735	1.6500000000000001	0.0	36.6	474.8198889802959	9.97500006357829	7344416.666666667	353.1666666666667	4.416666666666667	18.0	7837.27	0.0	0.0	0.0	1.0	0.0	1.0	0.0	0.0	0.0	0.0
"Myanmar"	36.929561103393326	1.4977302054564159	15.199999999999998	0.09999999999999999	18.4	282.0354189586022	3.433333377043405	327916.6666666667	0.3333333333333333	4.301666666666667	15.0	13340.39	0.0	0.0	1.0	0.0	0.0	0.0	0.0	1.0	0.0	0.0
"Nepal"	199.1596157554817	0.6422372485200564	3.1916666666666664	0.9416666666666668	61.8	367.873504148059	2.5749999880790733	525500.0	2.5	3.6316666666666677	16.0	12732.84	0.0	0.0	1.0	0.0	0.0	0.0	0.0	1.0	0.0	0.0
"Netherlands"	68.17923618574243	-2.1150869031747184	0.9916666666666668	0.0	24.4	4776.598281755648	4.141666650772095	1.051075E7	406057.4166666667	10.999166666666667	3.9	7505.72	1.0	1.0	0.0	0.0	0.0	0.0	0.0	0.0	1.0	0.0
"New Zealand"	153.49888710847637	-2.3587878147761026	1.1583333333333334	0.0	29.4	4152.59484591583	5.15833334128062	2351000.0	5973.916666666667	11.504166666666665	9.1	12549.39	1.0	1.0	0.0	0.0	0.0	0.0	0.0	1.0	0.0	0.0
"Nicaragua"	997.1796819940199	0.6485359892249107	12.450000000000001	1.4916666666666665	22.0	514.9668997522356	6.674999992052714	851250.0	228.91666666666666	6.072500000000001	18.8	2889.3	1.0	0.0	0.0	1.0	0.0	0.0	1.0	0.0	0.0	0.0
"Nigeria"	231.0351519336535	1.1188931663831074	20.0	3.4000000000000004	50.1	734.230674729242	7.599999904632569	4168583.3333333335	3589.9166666666665	5.0166666666666675	33.7	10648.65	0.0	0.0	0.0	1.0	0.0	1.0	0.0	0.0	0.0	0.0
"Norway"	30.3031658780459	-2.0881781776746116	0.9	0.0	19.5	5956.838371717532	3.550000011920929	4268000.0	20524.583333333332	11.526666666666669	4.3	7186.46	1.0	1.0	0.0	0.0	0.0	0.0	0.0	0.0	1.0	0.0
"Pakistan"	359.4133653484386	0.9350509345531464	6.900000000000001	0.39999999999999997	3.0	478.8189888944578	5.933333317438762	805500.0	499.9166666666667	4.694999999999999	17.4	12352.97	0.0	0.0	0.0	1.0	0.0	0.0	0.0	1.0	0.0	0.0
"Panama"	182.41351328921547	0.3274929740776618	15.191666666666665	0.40833333333333327	28.9	945.2311765422246	7.866666634877519	1079833.3333333333	5437.75	9.1	14.1	3513.33	1.0	0.0	0.0	0.0	1.0	0.0	1.0	0.0	0.0	0.0
"Peru"	325.6412301680509	0.2892401286711295	8.941666666666665	0.49166666666666653	31.5	565.9964514182913	4.699999968210857	1982750.0	6383.5	9.151666666666664	15.9	5580.07	1.0	0.0	0.0	0.0	1.0	0.0	1.0	0.0	0.0	0.0
"Philippines"	49.367637300158805	0.6409928152958552	7.833333333333332	1.0999999999999999	26.5	439.70491780997685	8.40833330154419	3098666.6666666665	5682.666666666667	8.185833333333335	9.1	13215.51	0.0	0.0	0.0	1.0	0.0	0.0	0.0	1.0	0.0	0.0
"Poland"	96.85051047762659	-0.34691732190549374	1.4083333333333332	0.375	50.7	2484.8559393013206	12.883333484331773	1.4139583333333334E7	10344.416666666666	10.896666666666663	11.8	8279.33	1.0	1.0	0.0	0.0	0.0	0.0	0.0	0.0	1.0	0.0
"Portugal"	83.06030613931722	-1.0409576445817947	1.2999999999999996	0.19999999999999998	47.1	2308.307400683188	9.499999999999998	6597416.666666667	2553.0833333333335	7.289166666666664	11.8	7317.14	1.0	1.0	0.0	0.0	0.0	0.0	0.0	0.0	1.0	0.0
"Romania"	272.6308235474602	0.2314064304033915	1.9916666666666665	0.32499999999999996	46.3	1820.418413795612	7.116666754086812	7027750.0	1106.5833333333333	10.3625	11.1	9045.42	0.0	0.0	0.0	0.0	1.0	0.0	0.0	0.0	1.0	0.0
"Russia"	89.01272107788317	0.932520180940628	10.216666666666665	0.6333333333333334	48.3	4788.670122168356	6.958333333333333	2.3943083333333332E7	11369.333333333334	11.235000000000001	18.6	8885.66	0.0	1.0	0.0	0.0	0.0	0.0	0.0	0.0	1.0	0.0
"Saudi Arabia"	242.56739047723812	0.12130886867331962	0.7999999999999999	0.0	8.0	6094.326537267155	5.65833334128062	1.09135E7	6130.25	7.8175	24.8	12088.65	0.0	1.0	0.0	0.0	0.0	0.0	0.0	0.0	0.0	1.0
"Sierra Leone"	337.67595308784536	0.9094103475411733	2.458333333333333	0.7999999999999999	42.4	35.0	3.375000079472859	42333.333333333336	3.1666666666666665	3.4466666666666668	22.6	8905.05	0.0	0.0	1.0	0.0	0.0	1.0	0.0	0.0	0.0	0.0
"Singapore"	55.33639885535981	-2.2291147708892822	0.4166666666666667	0.0	7.9	5831.571468653667	3.683333337306975	8121333.333333333	91695.83333333333	9.57	5.1	15289.17	1.0	1.0	0.0	0.0	0.0	0.0	0.0	1.0	0.0	0.0
"South Africa"	132.42050310117907	-0.21609008808930716	36.30833333333334	1.0	58.5	2703.682255259206	24.45000028610231	8059250.0	4751.5	8.754166666666665	31.9	14398.08	0.0	0.0	0.0	0.0	1.0	1.0	0.0	0.0	0.0	0.0
"South Korea"	53.784343604464006	-0.4509805639584859	0.9000000000000002	0.0	54.9	4685.833522562395	3.4250000119209307	7622583.333333333	23663.666666666668	11.556666666666667	14.1	10736.0	0.0	1.0	0.0	0.0	0.0	0.0	0.0	1.0	0.0	0.0
"Spain"	87.06368559049716	-1.1213889221350353	1.0333333333333337	0.19999999999999998	35.0	2970.8142698073193	15.325000286102297	5.5112416666666664E7	47036.5	9.872499999999999	5.4	7588.55	0.0	1.0	0.0	0.0	0.0	0.0	0.0	0.0	1.0	0.0
"Sri Lanka"	341.32335449234984	0.2566564157605171	5.949999999999999	0.09999999999999999	43.6	470.4755173598701	6.166666587193807	635083.3333333334	78.08333333333333	10.209166666666668	13.7	15001.28	0.0	0.0	0.0	1.0	0.0	0.0	0.0	1.0	0.0	0.0
"St. Vincent and the Grenadines"	177.4735223378823	-0.8267020930846533	21.099999999999998	1.3000000000000003	25.7	618.0086387400767	17.850000000000005	81666.66666666667	2.4166666666666665	8.416666666666664	4.6	4341.34	0.0	0.0	0.0	0.0	1.0	0.0	1.0	0.0	0.0	0.0
"Sudan"	376.86626256422716	1.3067237039407094	11.200000000000001	0.5	51.9	371.1417902912954	14.866666634877552	344833.3333333333	1.4166666666666667	3.0875	25.1	12096.21	0.0	0.0	0.0	1.0	0.0	1.0	0.0	0.0	0.0	0.0
"Sweden"	60.95706101819474	-2.236130952835083	0.9499999999999998	0.29999999999999993	28.4	5429.220181154007	7.1916667222976685	4756000.0	30763.083333333332	11.645833333333334	3.0	7667.09	1.0	1.0	0.0	0.0	0.0	0.0	0.0	0.0	1.0	0.0
"Switzerland"	36.975812774845224	-2.1110206047693887	0.8250000000000001	0.0	26.2	3420.212825495113	3.9916666746139526	7920458.333333333	112064.75	11.180833333333332	4.3	8010.82	1.0	1.0	0.0	0.0	0.0	0.0	0.0	0.0	1.0	0.0
"Syria"	204.50431163070215	0.9190751413504282	3.808333333333333	0.7999999999999999	35.3	1000.690832534894	9.891666571299243	3789000.0	1.4166666666666667	5.836666666666667	22.9	10751.61	0.0	0.0	0.0	1.0	0.0	0.0	0.0	0.0	0.0	1.0
"Thailand"	116.85529362458851	0.28112813892463845	6.408333333333334	0.09999999999999999	51.9	1602.548428748528	1.1916666676600778	1.5356416666666666E7	10900.166666666666	7.005	38.1	13870.81	0.0	0.0	0.0	0.0	1.0	0.0	0.0	1.0	0.0	0.0
"Trinidad and Tobago"	198.56864453359526	0.23057712987065315	28.158333333333335	0.5	28.8	13918.168710767966	6.691666682561241	425083.3333333333	4403.5	10.120833333333332	16.7	4527.3	0.0	1.0	0.0	0.0	0.0	0.0	1.0	0.0	0.0	0.0
"Turkey"	276.6276429640438	0.04317280180627373	3.608333333333334	0.2083333333333334	37.8	1374.254525242018	10.724999984105432	2.555875E7	3883.75	6.570833333333332	12.0	10181.16	1.0	0.0	0.0	0.0	1.0	0.0	0.0	1.0	0.0	0.0
"Ukraine"	83.03953204860338	0.8966558029254278	5.733333333333334	0.5000000000000001	44.2	2834.4836871925763	7.858333508173626	1.9569833333333332E7	605.0	10.9	13.5	9158.03	0.0	0.0	0.0	1.0	0.0	0.0	0.0	0.0	1.0	0.0
"United Kingdom"	58.64538640808477	-1.7739939987659454	1.383333333333333	0.0	29.8	3384.9222648322525	6.241666714350383	2.7901416666666668E7	430806.1666666667	11.184999999999997	3.7	6830.07	1.0	1.0	0.0	0.0	0.0	0.0	0.0	0.0	1.0	0.0
"Uruguay"	343.3784508159698	-1.1025070995092392	6.441666666666667	0.5166666666666666	27.2	1085.794695605722	7.800000071525571	2018583.3333333333	957.0833333333334	8.057500000000001	21.5	8780.13	1.0	1.0	0.0	0.0	0.0	0.0	1.0	0.0	0.0	0.0
"Uzbekistan"	288.67741805939175	1.1017661343018215	3.8525000000000005	0.2833333333333333	25.7	1807.9431654755747	10.9833333492279	726166.6666666666	52.0	10.733333333333333	11.3	11062.28	0.0	0.0	0.0	1.0	0.0	0.0	0.0	1.0	0.0	0.0
"Venezuela"	277.39693246790523	1.0835820684830348	45.833333333333336	1.4416666666666667	32.8	2297.1685657930143	10.28333342075348	624666.6666666666	11198.75	7.6099999999999985	37.2	4507.78	1.0	0.0	0.0	0.0	1.0	0.0	1.0	0.0	0.0	0.0
"Vietnam"	69.88655184434123	0.6327421565850576	3.2999999999999994	0.29999999999999993	37.7	576.1841390839926	2.21666661898295	4404250.0	582.6666666666666	6.468333333333334	24.7	13797.25	0.0	0.0	0.0	1.0	0.0	0.0	0.0	1.0	0.0	0.0
"Yemen"	364.56727598070916	0.9544663776954015	4.287499999999999	0.5999999999999999	13.2	308.5983326416543	15.816666762034101	789166.6666666666	408.5	3.061666666666667	23.7	13065.26	0.0	0.0	0.0	1.0	0.0	0.0	0.0	0.0	0.0	1.0
